procedure 0
linefollowingconfig 5 1.3
linefollowingtwgs 41.690924 -8.821619 41.690781 -8.821387 31557600.000000
linefollowingtwgs 41.690781 -8.821387 41.690311 -8.821976 31557600.000000
linefollowingtwgs 41.690311 -8.821976 41.690434 -8.822219 31557600.000000
setmissionaction Return_L0
linefollowingtwgs 41.691251 -8.821241 41.690133 -8.822578 31557600.000000
return
procedure 1
linefollowingconfig 5 1.3
linefollowingtwgs 41.690434 -8.822219 41.690311 -8.821976 31557600.000000
linefollowingtwgs 41.690311 -8.821976 41.690781 -8.821387 31557600.000000
linefollowingtwgs 41.690781 -8.821387 41.690924 -8.821619 31557600.000000
setmissionaction Return_L1
linefollowingtwgs 41.690133 -8.822578 41.691251 -8.821241 31557600.000000
return
generalstop
setmissionaction init
%gpssetenvcoordposition 3
%setstateestimation 0 15 0 15 0 10000 0 10000 0 0.1 0 0.1
%wait 3
startvideorecording 0
wait 1
setmissionaction L_Start
linefollowingtwgs 41.693069 -8.822041 41.691251 -8.821241 31557600.000000
label 0
setmissionaction L0
ballconfig 0 0 0 0 0 0 20 235 75 240 75 210 0.03 0.07 0.5 2.0 3.0 0 0 220 0.05 0 0 0 0 0 0
startballtracking
linefollowingconfig 5 1.3
linefollowingtwgs 41.691251 -8.821241 41.690133 -8.822578 31557600.000000
stopballtracking
setmissionaction L1
ballconfig 0 0 0 0 0 0 20 235 75 240 75 210 0.03 0.07 0.5 2.0 3.0 0 0 220 0.05 0 0 0 0 1 0
startballtracking
linefollowingconfig 5 1.3
linefollowingtwgs 41.690133 -8.822578 41.691251 -8.821241 31557600.000000
stopballtracking
goto 0
