procedure 0
linefollowingconfig 5 1.3
linefollowingtwgs 50.821223 -1.313551 50.821179 -1.313248 31557600.000000
linefollowingtwgs 50.821179 -1.313248 50.821805 -1.312904 31557600.000000
linefollowingtwgs 50.821805 -1.312904 50.821852 -1.313193 31557600.000000
setmissionaction Return_L0
linefollowingtwgs 50.820617 -1.313900 50.822450 -1.312850 31557600.000000
return
procedure 1
linefollowingconfig 5 1.3
linefollowingtwgs 50.821852 -1.313193 50.821805 -1.312904 31557600.000000
linefollowingtwgs 50.821805 -1.312904 50.821179 -1.313248 31557600.000000
linefollowingtwgs 50.821179 -1.313248 50.821223 -1.313551 31557600.000000
setmissionaction Return_L1
linefollowingtwgs 50.822450 -1.312850 50.820617 -1.313900 31557600.000000
return
generalstop
setmissionaction init
%gpssetenvcoordposition 3
%setstateestimation 0 15 0 15 0 10000 0 10000 0 0.1 0 0.1
%wait 3
startvideorecording 0
wait 1
linefollowingconfig 5 1.3
label 0
setmissionaction L0
%ballconfig 20 235 75 240 75 210 1 0 0 255 0 0 0.03 0.07 0.5 3.0 3.0 0 0 220 0.05 0 0 0 0 0 0 1000 0 0
ballconfig 25 230 100 240 75 210 1 0 0 255 0 0 0.02 1.0 0.5 1.5 3.0 0 0 256 1.0 0 0 0 0 0 0 1000 0 0
startballtracking
wait 1
linefollowingconfig 5 1.3
linefollowingtwgs 50.820617 -1.313900 50.822450 -1.312850 31557600.000000
wait 1
stopballtracking
wait 1
setmissionaction L1
%ballconfig 20 235 75 240 75 210 1 0 0 255 0 0 0.03 0.07 0.5 3.0 3.0 0 0 220 0.05 0 0 0 0 0 0 1000 1 0
ballconfig 25 230 100 240 75 210 1 0 0 255 0 0 0.02 1.0 0.5 1.5 3.0 0 0 256 1.0 0 0 0 0 0 0 1000 1 0
startballtracking
wait 1
linefollowingconfig 5 1.3
linefollowingtwgs 50.822450 -1.312850 50.820617 -1.313900 31557600.000000
wait 1
stopballtracking
wait 1
goto 0
